0
0
0
299
299
0
299
299
6
113
298
163
145
4
151
296
66
123
4
148
15
187
28
212
39
226
29
119
17
84
37
60
55
48
83
38
110
34
129
47
59
81
84
55
49
178
75
204
104
222
127
238
75
242
108
260
136
264
168
244
203
231
232
212
255
193
267
159
248
219
265
203
282
174
259
118
230
85
211
76
189
68
165
42
135
33
144
97
133
177
139
69
128
88
131
124
125
147
119
178
123
207
162
78
161
111
153
174
148
193
194
142
177
120
170
163
99
124
211
190
224
113
212
147
232
153
240
69
263
36
261
84
289
98
281
292
269
249
280
225
182
91
163
213
