0
0
0
299
299
0
299
299
2
157
298
146
144
2
145
295
80
163
7
199
23
235
44
249
67
271
37
165
6
123
27
76
55
63
78
49
106
45
126
55
62
103
84
67
75
213
91
238
116
247
142
248
95
266
125
263
149
262
186
245
221
234
252
220
261
192
266
163
265
217
269
201
283
167
256
121
226
89
202
79
183
76
162
54
133
44
139
122
138
202
133
92
126
117
130
142
126
184
119
208
131
230
154
105
155
138
153
190
156
215
193
165
173
144
172
181
102
161
222
204
223
122
212
164
230
166
223
62
237
30
248
72
284
84
254
286
242
251
285
222
181
102
177
224
